[gd_scene load_steps=12 format=2]

[ext_resource path="res://source/enemies/enemy stuff/Missile.gd" type="Script" id=1]
[ext_resource path="res://smoke.png" type="Texture" id=2]

[sub_resource type="BoxShape" id=1]
extents = Vector3( 0.397807, 0.342425, 1 )

[sub_resource type="CapsuleMesh" id=2]
radius = 0.085
mid_height = 1.471

[sub_resource type="SpatialMaterial" id=3]
flags_transparent = true
flags_unshaded = true
albedo_color = Color( 0, 1, 0.858824, 1 )
albedo_texture = ExtResource( 2 )

[sub_resource type="CapsuleMesh" id=4]
radius = 0.397
mid_height = 0.349

[sub_resource type="SpatialMaterial" id=5]
flags_transparent = true
flags_unshaded = true
albedo_color = Color( 0.94902, 0.054902, 1, 0.462745 )
albedo_texture = ExtResource( 2 )

[sub_resource type="SpatialMaterial" id=6]
flags_transparent = true
flags_unshaded = true
albedo_color = Color( 0.14902, 1, 0, 1 )
albedo_texture = ExtResource( 2 )

[sub_resource type="SpatialMaterial" id=7]
flags_transparent = true
flags_unshaded = true
albedo_color = Color( 1, 0, 0, 1 )
albedo_texture = ExtResource( 2 )

[sub_resource type="SpatialMaterial" id=8]
flags_transparent = true
flags_unshaded = true
albedo_texture = ExtResource( 2 )

[sub_resource type="Animation" id=9]
resource_name = "anim_loop"
loop = true
tracks/0/type = "value"
tracks/0/path = NodePath("mesh:rotation_degrees")
tracks/0/interp = 1
tracks/0/loop_wrap = true
tracks/0/imported = false
tracks/0/enabled = true
tracks/0/keys = {
"times": PoolRealArray( 0, 1 ),
"transitions": PoolRealArray( 1, 1 ),
"update": 0,
"values": [ Vector3( 0, 0, 0 ), Vector3( 0, 0, 360 ) ]
}

[node name="Missile" type="Area"]
script = ExtResource( 1 )

[node name="CollisionShape" type="CollisionShape" parent="."]
shape = SubResource( 1 )

[node name="mesh" type="Spatial" parent="."]
transform = Transform( -1, 0, -8.74228e-08, 0, 1, 0, 8.74228e-08, 0, -1, 0, 0, 0 )

[node name="MeshInstance" type="MeshInstance" parent="mesh"]
transform = Transform( 1, 0, 0, 0, 0.979501, 0.201437, 0, -0.201437, 0.979501, 0, -0.164198, 0 )
mesh = SubResource( 2 )
material/0 = SubResource( 3 )

[node name="MeshInstance6" type="MeshInstance" parent="mesh"]
transform = Transform( 1, 0, 0, 0, 1, 0, 0, 0, 1, 0, 0, -0.160025 )
mesh = SubResource( 4 )
material/0 = SubResource( 5 )

[node name="MeshInstance3" type="MeshInstance" parent="mesh"]
transform = Transform( 0.976605, 0, 0.215042, 0, 1, 0, -0.215042, 0, 0.976605, -0.15247, 0, 0 )
mesh = SubResource( 2 )
material/0 = SubResource( 6 )

[node name="MeshInstance4" type="MeshInstance" parent="mesh"]
transform = Transform( 0.970955, 0.0831213, -0.224359, -0.0809874, 0.996539, 0.0187138, 0.225138, 0, 0.974327, 0.179836, -0.021292, 0 )
mesh = SubResource( 2 )
material/0 = SubResource( 7 )

[node name="MeshInstance5" type="MeshInstance" parent="mesh"]
transform = Transform( -4.26887e-08, 1, -9.39979e-09, -0.976605, -4.37114e-08, -0.215042, -0.215042, 0, 0.976605, 0, 0.156379, 0 )
mesh = SubResource( 2 )
material/0 = SubResource( 8 )

[node name="AnimationPlayer" type="AnimationPlayer" parent="."]
autoplay = "anim_loop"
anims/anim_loop = SubResource( 9 )

[node name="KillTimer" type="Timer" parent="."]
wait_time = 200.0
one_shot = true
autostart = true

[connection signal="body_entered" from="." to="." method="_on_Missile_body_entered"]
[connection signal="timeout" from="KillTimer" to="." method="_on_KillTimer_timeout"]
